0000  0
0001  0
0002  0
0003  0
0004  0
0005  0
0006  0
0007  0
0008  0
0009  0
0010  0
0011  0
0012  0
0013  0
0014  0
0015  0
0016  0
0017  0
0018  0
0019  0
0020  0
0021  0
0022  0
0023  0
0024  0
0025  0
0026  0
0027  0
0028  0
0029  0
0030  0
0031  0
0032  0
0033  0
0034  0
0035  0
0036  0
0037  0
0038  0
0039  0
0040  1
0041  1
0042  1
0043  1
0044  1
0045  1
0046  1
0047  1
0048  1
0049  1
0050  1
0051  1
0052  1
0053  1
0054  1
0055  1
0056  1
0057  1
0058  1
0059  1
0060  1
0061  1
0062  1
0063  1
0064  1
0065  1
0066  1
0067  1
0068  1
0069  1
0070  1
0071  1
0072  1
0073  1
0074  1
0075  1
0076  1
0077  1
0078  1
0079  1
0080  2
0081  2
0082  2
0083  2
0084  2
0085  2
0086  2
0087  2
0088  2
0089  2
0090  2
0091  2
0092  2
0093  2
0094  2
0095  2
0096  2
0097  2
0098  2
0099  2
0100  2
0101  2
0102  2
0103  2
0104  2
0105  2
0106  2
0107  2
0108  2
0109  2
0110  2
0111  2
0112  2
0113  2
0114  2
0115  2
0116  2
0117  2
0118  2
0119  2
0120  3
0121  3
0122  3
0123  3
0124  3
0125  3
0126  3
0127  3
0128  3
0129  3
0130  3
0131  3
0132  3
0133  3
0134  3
0135  3
0136  3
0137  3
0138  3
0139  3
0140  3
0141  3
0142  3
0143  3
0144  3
0145  3
0146  3
0147  3
0148  3
0149  3
0150  3
0151  3
0152  3
0153  3
0154  3
0155  3
0156  3
0157  3
0158  3
0159  3
0160  4
0161  4
0162  4
0163  4
0164  4
0165  4
0166  4
0167  4
0168  4
0169  4
0170  4
0171  4
0172  4
0173  4
0174  4
0175  4
0176  4
0177  4
0178  4
0179  4
0180  4
0181  4
0182  4
0183  4
0184  4
0185  4
0186  4
0187  4
0188  4
0189  4
0190  4
0191  4
0192  4
0193  4
0194  4
0195  4
0196  4
0197  4
0198  4
0199  4
0200  5
0201  5
0202  5
0203  5
0204  5
0205  5
0206  5
0207  5
0208  5
0209  5
0210  5
0211  5
0212  5
0213  5
0214  5
0215  5
0216  5
0217  5
0218  5
0219  5
0220  5
0221  5
0222  5
0223  5
0224  5
0225  5
0226  5
0227  5
0228  5
0229  5
0230  5
0231  5
0232  5
0233  5
0234  5
0235  5
0236  5
0237  5
0238  5
0239  5
0240  6
0241  6
0242  6
0243  6
0244  6
0245  6
0246  6
0247  6
0248  6
0249  6
0250  6
0251  6
0252  6
0253  6
0254  6
0255  6
0256  6
0257  6
0258  6
0259  6
0260  6
0261  6
0262  6
0263  6
0264  6
0265  6
0266  6
0267  6
0268  6
0269  6
0270  6
0271  6
0272  6
0273  6
0274  6
0275  6
0276  6
0277  6
0278  6
0279  6
0280  7
0281  7
0282  7
0283  7
0284  7
0285  7
0286  7
0287  7
0288  7
0289  7
0290  7
0291  7
0292  7
0293  7
0294  7
0295  7
0296  7
0297  7
0298  7
0299  7
0300  7
0301  7
0302  7
0303  7
0304  7
0305  7
0306  7
0307  7
0308  7
0309  7
0310  7
0311  7
0312  7
0313  7
0314  7
0315  7
0316  7
0317  7
0318  7
0319  7
0320  8
0321  8
0322  8
0323  8
0324  8
0325  8
0326  8
0327  8
0328  8
0329  8
0330  8
0331  8
0332  8
0333  8
0334  8
0335  8
0336  8
0337  8
0338  8
0339  8
0340  8
0341  8
0342  8
0343  8
0344  8
0345  8
0346  8
0347  8
0348  8
0349  8
0350  8
0351  8
0352  8
0353  8
0354  8
0355  8
0356  8
0357  8
0358  8
0359  8
0360  9
0361  9
0362  9
0363  9
0364  9
0365  9
0366  9
0367  9
0368  9
0369  9
0370  9
0371  9
0372  9
0373  9
0374  9
0375  9
0376  9
0377  9
0378  9
0379  9
0380  9
0381  9
0382  9
0383  9
0384  9
0385  9
0386  9
0387  9
0388  9
0389  9
0390  9
0391  9
0392  9
0393  9
0394  9
0395  9
0396  9
0397  9
0398  9
0399  9
0400  10
0401  10
0402  10
0403  10
0404  10
0405  10
0406  10
0407  10
0408  10
0409  10
0410  10
0411  10
0412  10
0413  10
0414  10
0415  10
0416  10
0417  10
0418  10
0419  10
0420  10
0421  10
0422  10
0423  10
0424  10
0425  10
0426  10
0427  10
0428  10
0429  10
0430  10
0431  10
0432  10
0433  10
0434  10
0435  10
0436  10
0437  10
0438  10
0439  10
